 1710.0802     
    8.5000         9.5700        33.8560        86.7440       119.5690       120.2460
    3.0330        66.1760       114.7940         6.4800         7.6190         8.5460
    9.2470         9.5360         9.7070         2.8100       169.7440        14.0960
   48.6190         0.6010         5.4510         0.0880         2.3100         2.3050
 1710.2326     
    8.5000         8.9010        34.9480        88.0510       121.4910       121.7830
    3.0740        67.0800       115.7450         6.0880         7.1820         8.0750
    8.7500         9.0240         9.1860         2.8760       169.7030        14.1110
   48.6650         0.6650         6.0380         0.0800         2.3110         2.3060
 1710.3850     
    8.5000         8.7850        36.8200        89.6210       122.2120       123.6810
    3.1300        68.2270       117.0060         5.7380         6.8050         7.6750
    8.3320         8.5950         8.7510         2.9270       169.4920        14.1560
   48.7800         0.7360         6.6750         0.0730         2.2970         2.2920
 1710.5374     
    8.5000         8.8200        39.3460        91.2100       123.2820       125.1500
    3.1670        68.7420       118.0610         5.7500         6.8600         7.7680
    8.4540         8.7220         8.8820         2.9700       169.2500        14.3750
   49.3190         0.7850         7.0890         0.0740         2.2900         2.2850
 1710.6898     
    8.5000         8.9850        40.8740        92.6250       123.1950       126.2660
    3.1740        68.5850       119.3540         5.9640         7.1620         8.1560
    8.9020         9.1880         9.3580         3.0000       169.4770        14.8660
   50.7690         0.7690         6.9120         0.0800         2.3010         2.2960
 1710.8422     
    8.5000         8.8080        41.4990        93.2790       121.0870       127.0910
    3.1690        68.2240       121.5350         6.1040         7.4090         8.5030
    9.3150         9.6170         9.7970         3.0000       170.4900        15.6680
   53.3110         0.6200         5.5560         0.0850         2.3220         2.3170
 1710.9946     
    8.5000         8.7490        42.2100        92.4810       120.1970       128.6580
    3.1640        68.6080       125.7120         6.0510         7.4990         8.7000
    9.5730         9.8870        10.0740         2.9850       171.7930        16.6610
   57.1050         0.3270         2.9450         0.0850         2.3440         2.3390
 1711.1470     
    8.5000         8.7530        42.5660        90.1950       122.1420       130.2030
    3.1530        69.2430       130.0950         5.7540         7.3670         8.6700
    9.5860         9.9040        10.0930         3.0240       172.7290        17.5330
   60.8520         0.0120         0.1080         0.0820         2.3520         2.3470
 1711.2994     
    8.5000         8.8460        41.5810        87.1880       123.5690       129.2010
    3.1530        67.5500       129.1880         5.1990         6.9070         8.2640
    9.1850         9.4910         9.6770         3.0930       173.3540        18.2020
   61.6380         0.0020         0.0140         0.0800         2.3340         2.3290
 1711.4518     
    8.5000         8.9220        40.0950        84.6070       121.8590       125.0300
    3.1800        64.9680       125.0170         4.6210         6.3330         7.7040
    8.6090         8.8980         9.0780         3.1080       174.2260        18.5950
   60.0490         0.0020         0.0130         0.0850         2.3000         2.2950
 1711.6042     
    8.5000         8.7230        39.4390        83.4870       118.6400       121.5850
    3.2080        63.5400       121.5720         4.3780         6.1330         7.5670
    8.5000         8.7880         8.9740         3.0800       174.9230        18.5390
   58.0320         0.0020         0.0130         0.0960         2.2770         2.2720
 1711.7566     
    8.5000         8.7400        40.7390        84.3150       118.1230       121.6730
    3.2110        64.3610       121.6600         4.5610         6.4870         8.0850
    9.1280         9.4430         9.6570         3.0530       174.5370        18.0860
   57.2990         0.0020         0.0130         0.1020         2.2750         2.2700
 1711.9090     
    8.5000         8.7570        42.2460        86.6630       121.5110       124.3010
    3.1890        66.9370       124.2880         4.9270         7.0800         8.8780
   10.0710        10.4320        10.6900         2.9770       173.6780        17.2880
   57.3500         0.0020         0.0140         0.0940         2.2860         2.2810
 1712.0614     
    8.5000         8.7020        42.2030        89.3660       123.9680       127.0170
    3.1560        69.1350       126.0500         4.9770         7.1780         9.0330
   10.2990        10.6890        10.9810         2.8170       173.7240        16.4370
   56.9150         0.1060         0.9660         0.0760         2.2870         2.2820
 1712.2138     
    8.5000         8.6800        41.0910        91.2550       121.9500       127.3980
    3.1160        68.6230       123.5610         4.6320         6.6640         8.4170
    9.6490        10.0440        10.3490         2.6910       174.4400        15.7810
   54.9370         0.4190         3.8370         0.0640         2.2670         2.2620
 1712.3662     
    8.5000         8.7050        41.5480        91.7240       117.8290       124.5340
    3.0700        66.5620       118.2210         4.3370         6.2400         7.9220
    9.1360         9.5460         9.8710         2.6860       174.5270        15.0710
   51.6590         0.7000         6.3130         0.0720         2.2390         2.2340
 1712.5186     
    8.5000         8.7570        43.9230        90.8930       115.1810       121.3440
    3.0510        65.0310       113.4980         4.3090         6.2600         8.0040
    9.2910         9.7530        10.1230         2.7650       173.4360        14.3840
   48.4670         0.8850         7.8450         0.0980         2.2220         2.2170
 1712.6710     
    8.5000         8.8200        45.8150        89.2790       115.0510       120.8450
    3.0700        65.5750       112.5920         4.2510         6.2780         8.0970
    9.4690         9.9910        10.4130         2.8410       172.2770        13.9280
   47.0170         0.9290         8.2530         0.1240         2.2130         2.2080
 1712.8234     
    8.5000         8.8940        45.7630        87.3150       115.4970       121.3350
    3.1000        66.6710       112.8580         3.9410         5.8940         7.6760
    9.0520         9.6020        10.0460         2.8450       172.5330        13.5840
   46.1870         0.9470         8.4770         0.1350         2.1940         2.1890
 1712.9758     
    8.5000         8.6620        44.7350        85.5060       115.3200       120.3950
    3.1330        66.8690       112.0400         3.7170         5.5870         7.3500
    8.7490         9.3290         9.7940         2.7760       173.5830        13.3910
   45.1710         0.9410         8.3550         0.1290         2.1740         2.1690
 1713.1282     
    8.5000         8.8040        43.5100        84.6750       114.5370       119.9250
    3.1460        66.7050       111.7360         3.8410         5.7850         7.6850
    9.2370         9.8930        10.4160         2.7040       173.4520        13.4340
   45.0310         0.9280         8.1890         0.1190         2.1840         2.1790
 1713.2806     
    8.5000         9.2960        41.8260        85.6080       114.2040       121.6870
    3.1030        66.6010       112.8920         4.1980         6.3530         8.5150
   10.3360        11.1120        11.7230         2.7220       171.7780        13.6430
   46.2900         0.9850         8.7950         0.1110         2.2310         2.2260
 1713.4330     
    8.5000         8.8260        40.2150        88.4830       115.2200       123.6180
    3.0330        66.0480       113.9860         4.3600         6.6360         8.9620
   10.9830        11.8390        12.5030         2.8490       170.3000        13.9270
   47.9380         1.0630         9.6320         0.1020         2.2820         2.2770
 1713.5854     
    8.5000         8.6800        39.7510        92.4430       116.9310       123.4020
    2.9800        64.8390       113.8510         4.1410         6.3180         8.5840
   10.6120        11.4560        12.0980         2.9940       169.7470        14.2500
   49.0120         1.0550         9.5500         0.0900         2.2950         2.2900
 1713.7378     
    8.5000         8.7040        40.4570        95.9540       118.1740       122.0870
    2.9460        63.6520       113.3510         3.8910         5.9280         8.0950
   10.0830        10.8880        11.4870         3.0610       169.4640        14.5540
   49.6990         0.9720         8.7360         0.0820         2.2600         2.2550
 1713.8902     
    8.5000         8.7030        41.7330        97.5130       119.5310       121.0070
    2.9380        63.2160       113.0950         3.9160         5.9650         8.1800
   10.2440        11.0550        11.6400         3.0300       169.1290        14.6670
   49.8790         0.8840         7.9120         0.0860         2.1990         2.1940
 1714.0426     
    8.5000         8.6760        43.0770        96.3860       121.4850       120.4830
    2.9630        63.6830       113.5960         4.1670         6.3680         8.7570
   11.0010        11.8520        12.4470         2.9350       169.1300        14.6900
   49.9130         0.7700         6.8860         0.1020         2.1460         2.1410
 1714.1950     
    8.5000         8.6330        43.7600        93.1660       122.7220       120.7270
    3.0020        64.8080       115.1870         4.4370         6.8090         9.3690
   11.7790        12.6610        13.2540         2.8170       169.3680        14.7650
   50.3780         0.6170         5.5410         0.1230         2.1290         2.1240
 1714.3474     
    8.5000         8.6280        42.1890        89.3620       122.2890       122.1200
    3.0270        66.2250       117.2290         4.6810         7.1740         9.8470
   12.3630        13.2510        13.8220         2.7210       169.5460        14.7480
   51.0050         0.5370         4.8910         0.1400         2.1560         2.1510
 1714.4998     
    8.5000         8.6220        38.7690        86.3230       120.2220       123.3020
    3.0270        67.0090       118.0440         5.0790         7.7040        10.5120
   13.1530        14.0510        14.6020         2.6830       169.5380        14.5830
   51.0340         0.5710         5.2580         0.1460         2.2130         2.2080
 1714.6522     
    8.5000         8.7180        35.3390        84.4130       117.9170       122.3700
    2.9940        66.0890       116.1880         5.8580         8.7090        11.7710
   14.6500        15.6000        16.1510         2.7010       168.7920        14.3600
   50.0990         0.6730         6.1820         0.1440         2.2760         2.2710
 1714.8046     
    8.5000         8.8830        32.7110        83.0900       115.4420       119.3930
    2.9120        63.3590       111.6610         6.9960        10.1270        13.5180
   16.7120        17.7410        18.3010         2.7370       167.1730        14.0460
   48.3020         0.8540         7.7320         0.1370         2.3210         2.3160
 1714.9570     
    8.5000         8.7300        31.0030        81.7120       111.7470       116.3710
    2.8040        60.4080       106.7510         7.9500        11.2170        14.7740
   18.1320        19.1990        19.7360         2.7670       165.7340        13.6110
   46.3430         1.0740         9.6200         0.1310         2.3460         2.3410
 1715.1094     
    8.5000         8.4580        30.0830        80.8100       106.6470       114.5160
    2.7050        58.3930       103.3710         8.3330        11.5750        15.0700
   18.3600        19.4040        19.8790         2.8090       165.5890        13.1800
   44.9780         1.2410        11.1450         0.1240         2.3570         2.3520
 1715.2618     
    8.5000         8.4680        29.0250        82.0130       101.0470       112.3500
    2.6150        56.6550       100.5610         8.4850        11.7410        15.1560
   18.3290        19.3490        19.7590         2.8710       166.6330        12.8210
   43.9070         1.3080        11.7890         0.1150         2.3670         2.3620
 1715.4142     
    8.5000         8.4840        27.1070        86.3220        96.7370       108.6050
    2.5400        54.8780        97.5380         8.7750        12.1470        15.5810
   18.7010        19.7330        20.0900         2.8770       168.1280        12.4900
   42.6590         1.2310        11.0670         0.1030         2.3770         2.3720
 1715.5666     
    8.5000         8.4640        24.8120        93.1470        95.1120       104.2660
    2.5010        53.8700        95.4050         9.1760        12.6110        16.0670
   19.1360        20.1940        20.4990         2.7680       169.7910        12.2010
   41.5350         0.9890         8.8610         0.0880         2.3850         2.3800
 1715.7190     
    8.5000         8.4570        23.0340       100.0290        94.3230       100.6680
    2.4960        53.8010        94.6440         9.4720        12.7500        16.0850
   19.0170        20.0750        20.3190         2.6300       171.3520        11.9900
   40.8440         0.6720         6.0230         0.0770         2.3940         2.3890
 1715.8714     
    8.5000         8.4370        22.0970       103.9540        92.1680        97.5960
    2.4990        53.9410        94.1260         9.5630        12.4900        15.5470
   18.2560        19.2770        19.4530         2.5370       172.1980        11.7800
   40.1850         0.3860         3.4700         0.0710         2.4080         2.4030
 1716.0238     
    8.5000         8.4560        21.6410       103.9060        89.7720        94.3130
    2.4920        53.7350        92.7600         9.5400        12.0740        14.7980
   17.2690        18.2320        18.3400         2.4520       172.1370        11.4520
   39.0240         0.1730         1.5540         0.0650         2.4170         2.4120
 1716.1762     
    8.5000         8.4730        21.3300       101.3390        87.5880        90.5370
    2.4710        53.0580        90.0940         9.5910        11.8070        14.2490
   16.5330        17.4380        17.4830         2.3570       172.0720        10.9140
   37.0360         0.0500         0.4430         0.0530         2.4110         2.4060
 1716.3286     
    8.5000         8.4780        21.1030        98.7020        84.3480        86.6420
    2.4500        52.1250        86.6290         9.8570        11.8530        14.1060
   16.2790        17.1400        17.1200         2.3100       172.4840        10.2590
   34.5040         0.0020         0.0140         0.0370         2.3900         2.3850
 1716.4810     
    8.5000         8.4510        20.8120        97.9130        79.7200        83.2850
    2.4460        51.2650        83.2710        10.4200        12.2740        14.4340
   16.5710        17.3960        17.3060         2.3150       172.5270         9.6620
   32.0070         0.0020         0.0140         0.0230         2.3600         2.3550
 1716.6334     
    8.5000         8.4440        20.1730        99.3940        75.5380        79.9970
    2.4510        50.2290        79.9840        11.2140        12.9640        15.1090
   17.2530        18.0420        17.8680         2.3090       171.8080         9.1850
   29.7550         0.0020         0.0130         0.0120         2.3290         2.3240
 1716.7858     
    8.5000         8.4560        19.4580       102.1450        73.1400        76.5080
    2.4440        48.6310        76.4950        12.0520        13.7080        15.8850
   18.0400        18.7780        18.5090         2.2620       170.8910         8.8570
   27.8630         0.0020         0.0130         0.0060         2.3070         2.3020